#
com.anrisoftware.globalpom.constantsmap.speed_light = 299792458;m/s;
com.anrisoftware.globalpom.constantsmap.planck_constant = 6.62606957E-34(0.00000029E-34);2;42;J*s;
com.anrisoftware.globalpom.constantsmap.planck_constant_reduced = 1.054571726E-34(0.000000047E-34);2;43;J*s;
com.anrisoftware.globalpom.constantsmap.electron_charge = 1.602176565E-19(0.000000035E-19);2;28;C;
#
com.anrisoftware.globalpom.constantsmap.atomic_mass = 1.660538921E-27(0.000000073E-27);2;36;kg;
com.anrisoftware.globalpom.constantsmap.electron_mass = 9.10938291E-31(0.00000040E-31);2;39;kg;
com.anrisoftware.globalpom.constantsmap.proton_mass = 1.672621777E-27(0.000000074E-27);2;36;kg;
com.anrisoftware.globalpom.constantsmap.carbon_mass = 1.992646705E-26(0.000000088E-26);2;35;kg;
