com.anrisoftware.globalpom.constants.speed_light = 299792458;m/s;
com.anrisoftware.globalpom.constants.atomic_mass = 1.007276466812(0.000000000090);11;12;u;
